293150
294418
293116
293160
293102
293121
281449
293134
293108
293172
281048
293142
293165
293114
293174
293113
293182
294416
293719
293123
293081
293110
293109
293100
293141
279978
224478
294546
293148
293131
293139
293167
294491
293155
293105
293135
293126
280167
293140
293150
294418
293116
293160
293102
293121
281449
293134
293108
293172
281048
293142
293165
293114
293174
293113
293182
294416
293719
293123
293081
293110
293109
293100
293141
279978
224478
294546
293148
293131
293139
293167
294491
293155
293105
293135
293126
280167
293140
293150
294418
293116
293160
293102
293121
281449
293134
293108
293172
281048
293142
293165
293114
293174
293113
293182
294416
293719
293123
293081
293110
293109
293100
293141
279978
224478
294546
293148
293131
293139
293167
294491
293155
293105
293135
293126
280167
293140